0	Ult	146	628	275	393	0	0	
1	Raid	0	371	236	0	165	0	
1	Tomes	0	371	165	236	0	0	
1	CAR	0	371	0	236	165	0	
2	Raid	0	588	0	374	262	0	
2	Tomes	0	588	262	0	374	0	
2	CAR	0	588	0	374	0	262	
3	Raid	0	371	0	165	0	236	
3	Tomes	0	371	0	236	165	0	
3	CAR	0	371	236	165	0	0	
5	Raid	0	588	374	0	262	0	
5	Tomes	0	588	262	374	0	0	
5	CAR	0	588	0	374	262	0
6	Raid	0	371	0	236	165	0	
6	Tomes	0	371	236	0	0	165	
6	CAR	0	371	165	0	236	0	
7	Raid	0	292	186	0	130	0	
7	Tomes	0	292	0	0	186	130	
8	Raid	0	292	130	0	186	0	
8	Tomes	0	292	130	186	0	0	
9	Raid	0	292	130	186	0	0	
9	Tomes	0	292	0	0	130	186	
10	Raid	0	292	0	130	186	0	
10	Tomes	0	292	186	0	130	0